20
905 801 686
20
96 702 733
255 767 766
813 66 80
561 418 216
37 778 95
765 818 433
869 761 45
270 635 304
623 356 44
871 407 13
12 303 607
972 148 951
374 280 16
179 191 583
38 552 19
22 91 66
243 981 10
13 171 864
91 11 129
168 728 757
212 742 882
20
60 808 88
705 10 132
473 456 113
599 186 220
182 932 34
31 10 719
132 843 813
383 223 950
326 68 61
909 564 74
32 175 784
305 20 62
280 193 919
746 96 441
97 209 10
315 989 764
320 37 281
773 852 44
11 920 679
371 540 596
390 818 745
20
208 14 139
694 107 395
23 987 19
25 786 329
493 104 401
200 122 23
50 386 241
827 128 73
45 961 682
206 366 86
15 71 282
12 293 553
650 454 495
148 385 497
392 968 334
199 387 39
973 51 280
354 11 672
493 127 17
540 308 143
291 999 572
20
514 631 123
688 547 135
822 542 52
95 22 100
25 100 384
28 174 413
37 474 15
702 511 465
10 26 742
616 863 74
815 850 707
364 10 563
48 43 225
725 75 62
991 270 100
26 131 867
168 803 59
289 408 23
70 54 234
459 876 640
524 829 430
20
45 392 93
140 56 30
29 42 621
249 829 584
886 53 26
691 215 765
174 160 477
65 481 367
62 239 741
48 361 10
950 657 395
82 712 883
202 21 249
973 273 110
123 277 871
11 15 67
65 192 182
730 28 717
168 952 720
55 829 760
734 644 887
20
676 968 23
946 215 329
122 851 31
219 99 845
311 57 422
229 117 452
114 78 48
329 388 63
855 924 12
335 774 659
463 361 424
308 947 550
191 252 239
10 245 760
133 369 824
860 193 530
10 485 782
487 197 15
852 61 373
118 426 365
788 804 781
20
447 71 70
274 994 525
577 199 427
543 963 263
438 11 11
484 844 38
54 125 371
123 10 217
797 403 18
41 527 163
487 10 171
16 762 912
10 932 68
694 118 222
759 10 22
670 917 553
107 871 413
119 82 410
614 472 670
230 100 99
737 308 815
20
11 117 72
13 23 13
220 939 229
215 852 88
20 563 36
544 713 524
98 626 333
15 401 270
35 232 110
546 458 955
25 351 194
27 239 494
675 206 38
40 107 844
16 69 753
431 504 123
33 10 11
938 82 14
151 186 974
230 174 22
812 491 534
20
663 690 103
165 644 334
49 26 10
267 184 231
242 323 171
31 273 777
549 35 588
824 28 53
553 68 206
772 97 64
21 698 558
31 10 849
10 261 792
836 756 11
403 860 794
670 234 13
196 646 532
841 396 370
994 67 441
108 84 243
861 761 436
20
53 70 126
176 143 95
758 312 907
409 183 29
887 63 355
781 941 21
235 192 358
43 20 93
106 138 551
196 10 576
195 875 263
213 449 401
639 73 934
655 222 98
53 71 141
537 976 662
669 26 11
294 729 93
436 17 15
246 341 467
978 383 580
20
58 445 25
462 16 364
44 639 37
22 876 239
437 128 293
540 588 21
304 22 249
310 957 587
29 589 10
99 983 763
96 49 987
119 10 62
654 53 10
151 435 15
13 300 449
399 656 102
10 158 322
215 688 112
10 116 576
207 283 517
708 39 464
20
691 490 32
10 10 785
130 230 92
83 66 217
30 106 576
10 734 108
70 193 173
501 467 154
873 696 10
259 285 183
205 26 423
10 100 10
544 920 63
357 856 93
503 13 41
372 62 393
438 181 35
877 369 662
636 897 273
23 987 807
100 100 100
5
40 70 30
30 10 40
20 20 50
10 50 90
40 10 20
985 848 926
20
179 356 12
44 490 297
126 181 58
55 225 110
321 99 486
115 70 171
602 187 844
391 11 188
53 76 203
29 374 307
78 959 34
182 24 828
318 296 43
244 72 530
161 730 76
751 808 296
487 54 106
857 36 588
231 12 118
291 62 35
658 874 116
20
201 149 224
18 834 789
41 90 23
28 615 25
435 144 568
777 41 921
129 375 447
256 804 531
439 63 10
223 324 105
54 204 977
669 10 66
23 99 12
132 600 90
302 77 38
354 406 307
328 182 53
14 203 633
914 978 14
300 15 542
292 264 512
20
909 302 261
705 597 823
291 51 126
28 697 57
593 31 826
311 256 57
292 14 47
29 730 716
12 529 146
768 16 439
37 472 15
350 192 34
163 468 238
69 173 10
203 72 690
424 875 213
223 593 292
151 46 10
88 90 16
773 653 711
401 536 646
20
706 58 262
48 13 296
716 181 182
73 362 146
42 629 451
74 37 13
61 486 435
742 480 405
353 14 54
166 119 607
14 408 181
12 425 17
121 661 194
327 499 633
11 234 103
14 624 86
114 491 84
482 610 88
15 19 722
11 293 688
382 993 459
20
917 103 568
776 500 372
18 900 13
92 367 16
803 755 414
94 321 521
746 421 216
313 321 18
628 147 561
451 65 898
747 179 336
249 37 590
397 166 431
248 550 433
42 76 10
94 56 10
353 963 11
307 821 100
29 994 478
588 35 454
197 605 392
20
291 432 777
994 340 355
166 146 272
831 109 693
226 501 21
884 12 632
90 181 105
18 977 431
46 558 526
142 272 660
439 315 284
13 269 254
92 164 320
207 902 232
137 529 535
126 815 388
74 450 917
584 405 150
10 224 589
530 282 795
292 381 558
20
10 38 218
12 148 673
10 471 330
844 732 240
406 298 322
691 617 121
752 545 241
410 301 823
155 641 273
955 165 121
84 320 64
56 60 93
18 48 239
928 925 34
308 625 182
13 13 701
630 13 212
124 304 913
289 242 458
696 822 421
